3
784

2
0.242244831864836 -0.385802167181765 
-0.429831869634721 0.136881893098765 
-0.943228008199124 0.372319442859068 
0.323093795833687 0.03699087679246 
-0.577499436949147 0.369993892204945 
0.146604033720961 0.285013155678759 
0.238755294698642 -0.708835564418154 
0.12898603972466 -0.217932775252467 
-0.0613598614285513 -0.366789451505425 
-0.185768400871087 -0.0786776827083331 
-0.754883635675015 -0.19744972009093 
0.789287604293454 -0.504113576144033 
-0.547810508659021 0.310084908879402 
-0.77746381507137 0.77993172210638 
0.612338700151229 0.665564157844318 
0.951708676271005 0.212854364520337 
-0.588687556604244 -0.607430356371883 
-0.0227258051851419 -0.662758976995367 
-0.370859998916676 0.929117523100748 
0.135821725770748 0.593865040500585 
-0.346359970675018 -0.110464811842174 
0.845431215057816 -0.315524321662041 
0.550994627899953 -0.26251068397542 
0.695065144307476 -0.500861622160702 
-0.475252683030093 -0.250790808932293 
-0.897097297896211 -0.926681828650963 
-0.557035350965818 -0.380206601405612 
0.00807869201902234 -0.560305448044234 
-0.175089771475219 -0.925718293490688 
-0.315307598242214 -0.253312917078525 
0.149783257930439 0.543162073727307 
0.424652176641231 -0.243063594793465 
0.41828521593394 0.933749669200624 
-0.126299287716995 -0.153814348860167 
0.313890240767002 -0.208254982849531 
-0.847072776335782 0.00952261575887853 
0.497388818628534 0.22036655900921 
-0.73231771547949 0.355580982822401 
-0.0428809133364946 0.104808691788637 
-0.0551074358764636 0.713814854222772 
0.615019772016781 0.722836165363161 
0.255184413079281 -0.136871068639076 
0.562661456401855 0.878390264256955 
-0.230110230902383 0.791518850459761 
0.384491186004822 -0.46242120254177 
0.512331152039941 -0.445143006223003 
0.244425464997608 -0.610866615129022 
-0.555918217429853 0.110477955596295 
0.464883011516595 0.0884948098512712 
0.266190462404019 0.617244958699329 
0.863788603741577 -0.151120506763049 
0.18524813707231 0.733002300249879 
-0.403718032596502 0.0933800866330881 
-0.42407065137479 0.222598090405854 
-0.647888889372297 0.652497515851863 
0.482575487104512 0.720098302569286 
0.129389910553298 -0.0300077735586128 
0.131667318349549 0.426385450841107 
-0.712022331409167 -0.43847733244229 
0.194274949466006 0.539894711011972 
0.163859953714469 0.0821816674816336 
0.462864803013074 -0.223689453568984 
0.280759855202928 0.59804372417927 
0.766166996910244 0.107891614492349 
-0.223155606653 0.155792883789619 
0.890923085553892 0.868317053067028 
0.839239356092984 0.360344098582247 
0.835445292761214 -0.202992766628859 
-0.310447891903641 0.554454030340867 
-1.04580318055564 -0.421912469008392 
-1.38280092819136 0.798979630251761 
0.318654620397383 0.853271865653228 
0.0731703219224851 0.854085402339146 
0.871577725136208 2.58502832614099 
0.439608672043499 0.371829349354805 
-0.163725805104177 -0.0966395928846531 
0.894320577302313 0.72629570137722 
-0.54661499257701 -0.218393075091838 
0.387184794339726 -0.591062461618894 
-0.546411921610458 -0.00178696185383225 
0.328282592516454 0.467675168745777 
-0.553686685652326 0.194906778258694 
0.761799351201299 0.61395123210454 
0.881476839017811 0.801743073296614 
0.119080654866565 -0.634472952985425 
-0.111764219175914 -0.234204436295761 
-0.705324874122313 -0.275006419641434 
-0.762566445284787 0.616568328634169 
0.642773733307968 0.72970126320721 
0.743592545116124 0.483523093396548 
-0.755879295269086 0.484730466347006 
0.971326143648237 0.75687277473008 
-0.264603323003416 0.0012913601729586 
2.4163115463557 -0.822535034366254 
2.2096026860282 0.136731235862739 
4.14319459753167 -0.803659662443656 
5.90340724420166 0.337942074360276 
4.66997817177569 1.11111230867464 
2.53156809192096 -0.436838397691489 
3.59664073406789 0.712980379967085 
3.81252627418849 3.20567280919309 
2.24203763404231 1.52436410258173 
1.71863936846295 -0.943601559196716 
0.546782295897966 0.168430108425551 
1.00720364378911 -0.163197424539484 
0.353361112622427 0.657471721553338 
-0.283479365997382 -0.0335945830403604 
-0.174382329087801 0.837617452583685 
0.616889370286741 -0.312275296763473 
-0.139797267091853 -0.225538657749051 
0.639546837489841 0.769150996096719 
-0.072518758975211 -0.950223980448313 
-0.0134284305448776 -0.240976350028522 
0.697201536827349 0.0260406225109662 
0.583994803756473 -0.597352432830889 
-0.484409980374353 0.398272572481117 
0.75951953690387 -0.719806197138301 
0.783847447859932 -0.46667386855202 
-0.137117363111081 -0.0601080362919692 
2.01564017301655 -0.725573069232572 
2.46019979883679 -0.152532803123954 
3.42292187573914 -0.913414643995924 
1.79144362934788 0.769605076774568 
-0.575844629589561 -0.854425436877977 
1.86807768232518 0.342637759345398 
6.32062328986585 -0.309539997342069 
6.00968693558723 0.702207076189352 
5.60568597952331 -0.131973490575769 
3.3618058355949 2.74189199083249 
0.148443373195413 0.558122317438802 
-0.233334304695345 0.662001967141202 
-1.14709209078713 0.0860785383192992 
-3.66452748882689 0.742393266560204 
-2.15804690471537 -0.571160236245504 
-1.96176064593818 -0.688051984385891 
-1.66022012683988 -0.338603014601978 
-0.508412599423026 -0.41841606265361 
-0.60418766730648 -0.165649340619703 
0.145708217262666 -0.109964227715697 
-0.880695412811216 0.265099621966993 
0.317442616129966 0.595013857630553 
-0.416981387611936 -0.719385979566437 
-0.815250107033932 -0.897663420472361 
-0.986025846781611 -0.436225192642472 
-0.498710210839002 0.434674433817587 
1.23065503778382 0.219631924890279 
1.10792037379129 -0.75674794229272 
3.37969821184365 -0.161169894280947 
5.91180651353159 0.578935484983956 
9.26642300113014 -0.775224318272889 
5.37219117406008 0.0239041669927992 
1.22728335682807 -0.833765810297967 
1.77915220006379 0.597590746128556 
3.3339485834295 0.0696298672383933 
0.0639849944380975 0.520396207953942 
1.80417219072574 3.94994778524224 
5.95090425258181 0.335357140108211 
-0.178621453151895 -0.0405086356946288 
-3.60587275206117 0.340803438124628 
-2.20945385696345 -0.787260791352319 
-2.26556277650491 0.345078251981666 
-4.23841253008217 1.01133841597873 
-3.0829461693167 -0.663959264556543 
0.428377116886973 -0.177063082065698 
-0.0729004196964515 0.603901450733946 
0.8779536796649 0.608389798254532 
0.173709447796085 0.929391644636491 
0.441604025401922 -0.716760839203727 
-0.117193551323001 -0.5832661388364 
-0.520461128801322 -0.375106045685292 
-0.252319887350837 0.21187917261367 
0.765341655279575 0.511604486048219 
-0.524960777527058 -0.953857868531194 
-0.552304883180383 -0.587980826073884 
0.642192427451189 0.169185138311027 
3.45909962540868 0.972730793206203 
7.29652812911688 0.552909602206053 
10.4573195515417 -0.51417091278717 
8.72823423890998 -0.256472386175955 
5.17072757139767 0.534143789173406 
5.20277836140264 -0.307189782866927 
6.08988754519522 0.512649677999793 
3.92758402910477 1.74585871792605 
6.49659452816166 2.15331211304781 
1.5587873296288 1.17445570891817 
4.3895783715067 -0.234910159811858 
1.24446706078068 -0.767892194410821 
-5.0026400961833 -0.503141354288552 
-3.41724040968226 -0.570987109758234 
-3.35310224522741 -0.579182388833237 
-2.24410411976315 0.234184421834161 
3.79787020275204 0.51486013817132 
4.25925527650977 0.691063957507305 
1.03676334895884 0.673625876662066 
0.465742305772215 -0.0477066175169871 
0.177665864989256 -0.874243027402199 
-0.325444795808496 -0.0489667826560172 
-0.330398118742927 -0.807070367635837 
0.0734964259106685 -0.436271668946838 
-0.830067804402358 0.0513807250931088 
0.856441353467701 0.186269566911712 
1.84046040927154 -0.56598765531344 
3.03515886020736 0.258448859752062 
4.27781961141769 -0.585042638336732 
9.6948912494789 0.977550937857596 
14.558879979058 -0.306514675532607 
11.6314044486902 0.450233494647871 
6.74565051556883 -0.100212870234941 
3.52834453078759 -0.194761580478554 
5.10595417656048 0.969297927071417 
5.85240065403059 3.14078900975412 
9.31790404629395 1.06129215884567 
6.06070555005926 1.26255903773989 
0.318310533248356 1.04964462446933 
-1.1693743653182 0.289631612607547 
-5.55078245851463 0.015981752604846 
-3.34349993751745 -0.486044414753369 
-0.770662016063307 -0.122076441054652 
4.82690534076225 -0.821478034045386 
4.61290994521776 -0.420516686620006 
2.64565345884283 -0.396019783984749 
1.29242020216142 0.514854851654244 
-0.966626752532144 -0.510988327700806 
-0.115036845340228 0.310059162709829 
0.45163255345618 0.905664890029312 
-0.767615025929042 -0.555199784342603 
0.167021935257136 -0.494839014219085 
-0.353787560700141 -0.541979471196711 
0.830439124406876 -0.0319261354169986 
1.82474463776802 0.519802376146351 
2.89716240935784 0.27680943363576 
4.99913685618453 -0.193135683863902 
9.64849340411707 0.936644569407376 
12.4508947214514 -0.226396714357048 
9.44819660311072 -0.151310189247225 
4.92896778793353 0.986542560077047 
6.17770843419991 -0.0100630069755119 
7.01158925093939 1.46216221643048 
4.17615141994424 1.27693387469762 
3.10679617900334 -0.352707849763445 
5.36518089799492 0.0185716576650725 
1.90490360376861 0.909970878124238 
1.78863556505403 0.146638703648958 
0.0374341701897878 0.834066680455541 
2.27521783844369 -0.446467566338278 
4.98004861527888 0.0438948947652371 
6.00616867803411 -0.266791655024395 
6.11542649431926 0.392335566547843 
5.81227972126942 -0.0444087095152281 
2.23381494116165 -0.812563177055086 
-0.817989308066217 -0.824196649071305 
-0.0907859559277291 -0.205376244934903 
0.118539330841083 -0.569885090317958 
-0.946507225224129 -0.63975663418697 
0.460491023511086 -0.164988063332152 
0.152620669125821 0.522191131869219 
-0.177955122215022 0.740805973638534 
-0.0352990356956725 -0.285578930003514 
2.84420818523681 0.126769335563271 
5.52932789184941 0.577727670629914 
7.63165573405675 -0.307312052831546 
10.0873275526665 1.03552780596983 
10.0369813872626 0.971433050530038 
5.54673457398131 0.845403423928314 
7.36319402576807 0.821986381363279 
8.27256108241065 2.13229616717979 
-1.38006189216459 0.99928109108739 
-4.6394871234567 0.378951788708005 
-2.79336104340841 0.950654663494976 
3.28747937587532 -0.195320366166885 
2.31658369877829 0.757022911748711 
-2.42852693043261 0.344683077980886 
6.74519489274793 0.917401415389086 
7.40185404852525 -0.187572729226339 
6.28988589820082 -0.144587562804455 
6.10336686029603 0.120129600599411 
6.12285580254291 0.818949283189046 
2.18552272614697 0.619999495019952 
0.337955399439592 0.110582934460741 
0.384616745684903 0.338559825338897 
-0.0577429908025549 -0.616839605306512 
-0.161747895183575 0.808348510803882 
-0.104971087405731 -0.250602201249876 
-0.538074818341238 -0.336934049887193 
0.88913065335634 0.883314732371964 
0.418562910094667 0.178061431597275 
0.859868959883353 0.146748140197294 
2.43530638136621 -0.354113441290881 
4.28508288870964 1.02436454509967 
9.29038400573986 0.855590637065686 
12.5796446043881 0.0813486624451629 
6.49398378472584 0.0858089982108915 
2.62248221676147 0.283117595505923 
0.273471541756654 3.56299826113741 
-11.0797710809706 0.388668910271832 
-13.1453931844885 0.263835147254567 
-3.51694817278486 0.664740223676259 
7.12016517027479 -0.0243087615437177 
2.11779984624615 0.0331661784657301 
2.7686090263079 0.175559501993099 
8.56351134697049 1.00333112849904 
7.81189836907335 -0.536835592123025 
5.76100336966812 0.611159732972209 
3.97930310162141 -0.778660775914155 
3.20935719894321 0.466270308603725 
1.13732222235977 0.197835486472551 
-0.139345766749393 0.683932374802454 
1.14419960195269 -0.986764378855331 
-0.21163166557049 0.894152551734039 
-0.244948998655886 0.765105252996651 
0.547194858138095 -0.10533035840568 
-0.291205585254879 0.0332615815205532 
-0.512733090660056 -0.657540235680819 
0.248146123170092 0.239901830603314 
1.22316261352741 -0.947001457101982 
3.63888857478043 0.980316619797209 
4.79003809108332 1.14500786046828 
6.94547040095491 1.11572952316816 
12.2605288126533 0.549033848042484 
11.7996859755551 0.760465073695914 
2.52365925578828 1.20577439687601 
-2.29003469240882 3.10106333879961 
-8.77092978725923 0.267177935215855 
-12.0967923286313 0.0643373260060176 
0.721763217185652 0.985166849678012 
3.48745185762228 -0.0439069588021348 
1.74592612650578 -0.342719987290878 
3.72338897794627 -0.343570728799259 
5.86716126208213 1.0752808067351 
4.82371655469796 0.33037477922121 
2.13337766319116 0.13760930640465 
3.43987426479984 -0.0544563123408644 
4.94676447951466 0.115626841091741 
4.96798796682987 -0.441236751493096 
4.24323751716731 0.912464730643508 
2.59541184345968 0.352808927327035 
-0.489857204020888 0.134467486820401 
-0.0227433987831476 -0.540802787926764 
-0.738355192534774 -0.969165181035872 
0.452427657602264 0.888395906904375 
-0.688902029534434 -0.6213849198845 
1.1327019611539 0.780399824275764 
1.05868331471039 0.217287539106851 
1.51320938988503 0.613489582435627 
2.43808347653258 -0.692655625040781 
6.29675519396795 -0.659436305067132 
15.4755615578178 -0.727871249626157 
15.9439162425356 0.778870309818836 
1.7627111569292 2.97291765574106 
-14.5509636738248 1.9978301527182 
-15.730084110684 1.25149887775172 
-11.2860559546778 0.90925412747708 
-1.00202451919009 -0.449239134749144 
0.776887593566205 -0.315065738932697 
5.63621655929193 -0.201867061233202 
6.80112273398517 0.229841513515449 
5.43589882125142 -0.735419933423274 
4.53425768993185 -0.633512038946641 
4.38467069148825 0.0273663279996917 
3.6857551558242 -0.670456467742201 
3.17983245812049 0.867025834026346 
2.41145430715613 0.245508940503337 
0.459447341942285 0.825688339037451 
0.892234500447397 -0.656413523320301 
-0.976476437401248 0.30604128041586 
-0.927028773316496 -0.448949594936107 
-0.051605918180298 -0.206506886487532 
-0.155871254708753 -0.532530999940037 
0.112809614320852 -0.750241352204937 
-0.622828227388737 0.858975378900682 
0.843367889019846 0.580837676426016 
0.995929410252954 -0.616571672983472 
4.37275388373236 -0.717372121966679 
8.10409659226753 0.629147705662728 
13.6629249240989 0.154316443506053 
11.8581034348039 0.764245109979762 
-3.97807085781083 3.20336631939765 
-10.8032562747503 1.58405372901036 
-16.8719858479252 -0.402114235868999 
-10.7247097735367 1.15772459959333 
-4.54638588892229 0.905813822410297 
2.35999636964727 -0.978646099911484 
3.71236470734315 0.565008247458096 
5.8319938211557 0.839273536872897 
2.00399264048951 -0.173276495339497 
1.69148483495 0.272129187879723 
1.39412144994445 -0.130587380290854 
1.36635183782668 0.346544856326336 
1.01354913323022 0.363205871864338 
0.289181528020486 -0.109346062919624 
-0.91959847033801 -0.580430638739653 
0.255547971118031 0.0434150058046985 
-0.0462137940554944 -0.37855396297693 
0.526232041197937 -0.843682079503165 
0.143371307961582 0.625503256040711 
-0.554289788484429 0.0744321545299406 
0.617890774980354 -0.746298378279853 
0.392544036895927 0.0756793294129139 
0.65994715059039 -0.885286360413884 
3.21399378885632 -0.559141444383243 
4.78116147731861 -0.729110635903048 
8.14808518909125 -0.212553032959798 
15.4818404423379 0.639605776398662 
11.9790716273474 -0.187099325825046 
-0.716345150614262 2.87060781077974 
-11.1647539341762 0.136193965437951 
-10.7350282296956 1.10677287006965 
-10.4555753047648 -0.730195075816906 
-4.69787891483016 0.522862341346282 
1.83208041600732 0.908020415028303 
5.3105674882248 0.937033872322798 
5.51590957887843 0.773074481787222 
1.59881939840744 1.19579237837418 
1.77463628980355 -0.177784536273804 
0.95009489250647 -0.55693681494969 
-0.524644771217502 0.552892639194896 
0.61081312278923 -0.0983398068137972 
-0.12935431776379 -0.952176571956212 
-0.876463958646476 -0.221592313374722 
0.0814492837905183 0.670556529271676 
0.992560390379541 0.335988634888077 
-0.303529811698724 -0.162077684496566 
-0.935543410447213 0.78716523190021 
-0.677549525728143 0.876545751073429 
-0.524033164451536 0.28377355497936 
1.10451288065616 0.479129576211214 
1.74720007133959 0.862583342172557 
2.42491451946532 -0.693982122057295 
6.60580654370018 -0.0202290290185185 
9.1134952111836 -0.659514621777969 
11.3361332046718 -0.488879599461482 
6.1773505766772 1.66688605655539 
-1.35671517591031 2.29879075474351 
-12.9170814275931 1.22481980338044 
-9.42487822182388 1.13851803028327 
-6.6435513222316 0.994870817839677 
-0.869678574300326 0.430588418465 
5.87786165751782 -0.251433811006752 
8.49460501432568 0.857845049992581 
8.23486996033175 -0.3603113070553 
4.70486706538792 0.814940213045851 
1.61247784649713 -0.579486961073477 
3.19853709823498 -0.0421585531161449 
1.62261728170357 0.80614975621033 
0.426972719071508 -0.316549842138559 
0.429874761759642 0.378529300293012 
-0.357962037227179 0.0631819319278605 
0.838518404915473 0.932490274226104 
-0.377350593627128 0.490117434174808 
-0.129609928992395 -0.95778173671932 
-0.235877274720005 -0.527222461607798 
0.0417675104349331 -0.253889622743975 
0.339502436831418 -0.421604787955758 
2.04076471311285 0.598136782798489 
2.92322697799123 0.657843938285332 
4.16620372746613 0.963701623503921 
6.11851999519926 1.14578656285914 
8.054421661416 -0.432984343083549 
5.56085538416075 0.0299093961649356 
4.36560961714922 1.89192261616563 
-2.94003643229109 2.99771390577205 
-8.79001209018631 0.371135332173519 
-9.24200130010478 0.771609261400392 
2.18975598485269 0.439282875571751 
1.60302139333138 1.04891006426428 
7.26931694390391 0.743837071465175 
9.30994491113225 0.696495414450511 
9.47918300295063 0.357565631754999 
6.76325343527879 0.54683782037381 
6.5460577340079 0.425002182862984 
7.09259141073174 -0.0300937837564243 
6.49160258567226 -0.0385439107604449 
3.77232223199728 -0.16937781788571 
0.480637959653638 -0.467610519910956 
-0.118984632554925 0.581110480026408 
1.0180579528475 -0.897532240706251 
-0.900387322483765 0.76154737815333 
-0.464152386162501 0.414297719213319 
0.249537723300475 -0.216589380359199 
0.648636801685804 -0.238459927126795 
0.252997511584993 0.650180100159524 
0.199150150243113 0.973108515300885 
2.41763807482551 0.400474970697284 
4.11350862066237 0.99744021972396 
5.3196489629973 0.477827262206095 
5.50585557624826 0.0587599233926408 
3.41599791025279 -0.452123145193544 
1.29410165235467 1.12820228389658 
-1.94161866356777 3.14748832721497 
-11.5285112072011 3.0715448944092 
-5.22259699958595 2.82739513238291 
-1.28474985672417 1.3526900763443 
1.99009719151313 1.4917743746609 
5.91193433287634 0.392817300432375 
5.41875057324325 -0.526514036461831 
6.23109061045031 0.991981999263213 
6.55638647105173 -0.732038344549224 
3.65790095198986 -0.772084374897688 
3.80758169247687 0.82058251271715 
4.98081633003396 -0.730207246264141 
5.96960876874919 -0.625366191312149 
1.18022172532845 0.432904966518705 
0.952727363437847 0.344695342169383 
-0.472637859846845 0.946552606761975 
-0.52172811120829 0.947618315903292 
0.890753032588751 -0.234305789390741 
-0.764592567436446 0.165277871735911 
-0.613223968264376 -0.674685126945848 
0.0104053429440939 -0.99454865069787 
2.2626793316326 0.615475138474579 
6.12495082506127 0.896315734622549 
9.46865819051133 -0.334092849824661 
4.83653776790955 1.49518893393941 
2.15716486700108 1.05501899372469 
1.82953095709481 0.462248918227391 
1.83629439937434 2.21404020051817 
-4.54856852911555 2.81266494402525 
-13.5445824198659 0.363837230641638 
-4.19959781961877 1.03112825875473 
-1.96668316318191 1.67917026192792 
1.69586603581223 3.3954916462686 
4.15915759717422 0.478758882459848 
5.19509537038312 0.704128058193765 
4.4132603095215 -0.0360898253978005 
5.07785954524948 0.935387409805975 
4.37587290367895 -0.091857130731757 
3.49357657380705 0.692647376864098 
1.05128130879396 0.952942316231437 
1.68352056621453 -0.742311182990038 
-0.589173598046434 -0.948892311292107 
-0.501378913278462 -0.119869833776781 
0.845392960051723 0.370360717834821 
-0.733490775215202 -0.81292475844404 
0.666869781756247 0.814997285410854 
-0.422876842338183 -0.834728261397413 
1.09076408718244 0.634327609618371 
1.25385982009568 0.292463136256784 
2.47231489271844 -0.730517507469479 
5.41066798053774 1.14743349442336 
4.14028537246711 -0.12489448069263 
7.32881642390984 0.104915003253424 
4.77049819528311 0.152121784112347 
5.46243043208268 0.385924462157187 
4.17060947625778 2.19867641372837 
-3.31115414954112 4.18611791103062 
-7.92115316085623 0.409237588328916 
1.86758055960752 -0.261932350172187 
3.15897280545557 0.140091126712258 
5.77087149377994 3.18958864552875 
3.98042145418274 1.18562939125008 
6.33535388699788 1.33677614183492 
2.33682867212179 1.10922824509816 
2.5992981192259 0.87995384332814 
4.04287543555311 -0.241712014181232 
3.65636302195227 -0.798222982203506 
1.98151775548629 0.507217899551639 
0.390964966183557 -0.868795471373507 
0.803367379424735 -0.737312851959966 
0.106269546390127 0.470764617499159 
0.504358458101916 0.487053317437509 
-0.656705837536932 -0.737600883346796 
0.813814483496274 0.894229682097978 
0.421755762519154 0.293056209524435 
-0.173450634284233 0.819647041978078 
1.33089008002179 0.43777524251909 
3.25136518047345 -0.770749743787024 
4.39358123720061 0.867421357244139 
3.57292399059219 -0.0170332228840625 
1.64676332931784 -0.0874705280082132 
0.71410134513966 0.0154390487378793 
6.17891234633135 0.919597090445262 
6.68456548191378 1.52439753069771 
0.295224523733351 4.63794419718422 
2.35376162310031 2.64708074620392 
2.5667698189839 1.30554143895855 
5.31167275858037 -0.380017681523288 
3.94495789774048 2.18842884500186 
-0.0827192872175819 2.91895760121248 
3.74361458138874 -0.521527558651267 
3.63645291376761 0.0173600293658576 
3.90770039814628 0.481722298326746 
2.70063016797048 -0.512831875705154 
3.62769992996673 -0.13365177058485 
0.489893885361668 0.114921470943023 
0.97123992179415 0.336155941247729 
-0.715746687956012 -0.0446802962645797 
0.110875532012653 0.245934020961121 
0.706603030537536 0.0669265580675222 
-0.533598464696481 0.94478684102408 
0.849947811034484 -0.864654862258888 
0.360238142107518 0.407032449773246 
0.480301176822642 0.216373188520156 
1.88334194118803 -0.808437248847169 
-0.0983648679325687 -0.892800724657165 
2.05470195923656 0.548560648347198 
2.70362157243242 -0.668324582727309 
3.22274168220028 0.952355473830904 
3.34785898735304 -0.181419587956389 
5.35791707245251 0.822391129449224 
1.2457679547069 0.779453649724579 
1.21487310090555 0.886172730751764 
5.90674603286842 3.19308636704591 
6.17557276678544 3.5076874144438 
5.77898993214564 2.85615182656796 
0.869622451305985 1.96517831456537 
-4.11247896194354 -0.763398850160823 
0.154043700562211 -0.878911336536313 
4.81150918806395 0.745099581999008 
4.11687139169092 -0.721442656139779 
1.39952287172648 0.603457384112354 
-0.0897425019252276 -0.558573366983129 
0.655879823214032 -0.401639958882962 
0.124342450516674 -0.884618262873199 
0.14525929039357 0.472708816840385 
-0.884828715356529 0.105475364745502 
0.234353947096669 -0.159000734406989 
0.726985538251226 -0.636667501012174 
0.0562722520233467 -0.639530972409775 
0.895733257787799 -0.602259440537878 
0.376699311528899 0.309729943536765 
0.0417768185129466 0.886395234432064 
-2.37189366007163 0.0321821829319942 
-4.05800504916798 -0.474401170081849 
-0.698268823598953 0.909831061983984 
1.36163684540635 0.460314210849128 
3.65267794328635 0.704896773086733 
8.08506649364764 -0.0572594104133673 
2.9700830140842 0.24829497178201 
1.8141249746435 0.590375340487477 
9.44128901214797 1.17856345731203 
9.94021952739867 0.918869646179631 
3.16748195300866 -0.37822159079982 
-4.77385805820771 1.04325095671751 
-7.60832426813446 0.947914203722792 
-2.80695660403804 0.0150005885299707 
5.83922420223591 0.299741594562409 
5.90175540642195 -0.0454978335773886 
3.4496977294588 -0.684915720912039 
3.34282195535796 -0.802236896652107 
3.35928865285965 -0.726066508602243 
-0.512703994699828 0.121463441402947 
0.195977314746325 -0.294950949217521 
-0.796227306033025 0.629155023780106 
0.49003949085718 -0.0311897457722526 
0.0802275273391173 -0.857816437193107 
-0.446394581089911 -0.293472048497513 
-0.934896164543413 0.550538897801841 
0.755199933778589 0.307425774388935 
0.646890908776379 -0.848820084718051 
-3.71555475399608 -0.490826907553981 
-6.1385956478569 0.853037608869102 
-4.08660228754556 0.273024527541366 
2.2031121776358 0.598202513191859 
-1.12779401023036 -0.627731395001772 
5.0540539727333 0.00153757196061457 
7.04688553325736 0.862534895211638 
9.20242656674849 -0.611091677110076 
12.0856332543993 -0.343976248130957 
9.97675395458558 0.708578456025486 
1.01848728328754 0.979841288469116 
-8.82084426361682 0.348969271191528 
-8.75927203474323 -0.116198233685425 
-4.44726544717203 0.138279769108866 
4.1691839404306 0.306533164909679 
3.92151876303646 0.135100477542986 
2.9638309145732 0.476503026487169 
1.56873957153422 0.444010698129406 
0.551625007648232 -0.553841371985877 
-0.677687039648384 0.920103892948003 
0.11985659080108 -0.396291134576039 
-0.123718781920019 0.103777948349597 
-0.34290059904703 -0.881750198026071 
-0.148462217835925 -0.0547133288601009 
0.414204578573911 -0.993583495725684 
0.990864980030276 0.269386082547431 
-0.170487719701448 0.874249486392628 
1.58290513283815 0.600639448190915 
-0.712555855718414 -0.146335908790488 
-0.677806919255967 -0.98926121484883 
1.24167761056963 -0.550638306022797 
0.402192907333584 0.423567477836058 
-0.358669671891683 0.138752706153649 
6.45530917603289 0.784123545851036 
7.9709186802574 0.819641546180801 
5.91097682593364 0.0909214258631745 
10.2578572592057 -0.416496756385585 
11.5592019614318 0.590459612853836 
8.010631814385 0.385166081071904 
5.24939082058417 -0.283320694476857 
-1.70710944915029 0.513657153900177 
2.01931191706714 0.238876408746783 
2.19942869805958 0.963298118850006 
-0.454785292448227 -0.0809150840370536 
0.432241478982416 0.114723185712726 
0.170153721003397 0.270313601720652 
0.481604502097488 -0.760244397962277 
0.0918691658872905 -0.346978338615764 
-0.759659117404501 0.425193706822701 
0.95338386574452 0.484426879083937 
0.951613817341446 0.0381334987646591 
-0.947413705264876 0.566758866220135 
-0.948283390117941 -0.122399151847884 
0.0569067537118246 -0.791889123521694 
0.342567583239902 -0.633169383420436 
-0.405275256089596 -0.410573863599035 
-0.846394800170038 -0.77007275768072 
1.11007756365465 0.323687165217107 
1.39875357475596 0.125351715440194 
1.54028124138691 0.167281581281599 
3.98108527101318 0.225008181594104 
3.77039650793212 0.755202092364843 
3.58781689434495 -0.329320301319228 
5.58400376306268 0.966070610548901 
4.82816705004372 0.878335569499284 
5.43794450178367 0.579936484731712 
6.34732665575444 0.194504802572834 
2.66373812000513 -0.0233675266142489 
1.70623441688328 -0.864260069060479 
1.21643982858366 -0.569434011440902 
0.674651308857296 -0.870168257833643 
0.782417434218721 0.155117812737906 
-0.479614069241529 -0.113378584614331 
0.118422293211468 0.251432034395343 
-0.751176995554053 0.765563035390164 
0.890362291622589 0.10708827006153 
0.28502721771832 -0.230528839513985 
-0.346866871857488 -0.293930314152469 
-0.252663516091492 -0.725143376609843 
0.195364408751654 0.367828353013763 
0.245694574548721 0.084228606468173 
-0.289593266923722 0.463906892325686 
0.019367937473286 0.013846065389852 
0.163413809334221 -0.0417719870096318 
0.446436471718293 0.0136945933770108 
0.902034415107843 -0.374755857196252 
1.07256651333259 0.706838841231385 
-0.443446132807564 -0.301980977506202 
2.19313327821447 0.135013547788018 
1.14074717143992 0.484545237648215 
1.52185608217188 -0.620250956352146 
1.26132054830242 0.73200687744812 
2.4742029457716 -0.759834123107461 
1.1289167900353 -0.34386201034516 
1.4753384228811 -0.922920440495955 
0.713724508818528 0.174429219436032 
0.356405264770506 0.810534864477732 
0.762440966160498 0.825328235165592 
1.16691155612466 -0.88538606214315 
-0.718490197188449 0.506471492444099 
0.723212653814144 -0.840909825298149 
0.8050125805783 0.234743752410951 
0.888784945890673 0.265116481510915 
0.152288977593318 0.57818119487267 
-0.504866921112345 0.95510727165039 
0.0390498242522821 0.612316120235397 
0.0174475959583407 0.710594614832939 
0.801263267081819 -0.134781643345385 
0.359988939650352 -0.021735074474353 
0.475608492957246 -0.221006472232289 
-0.281930712648635 -0.493134145388908 
-0.583899312458885 0.368976827417024 
-0.216636773765384 -0.297870801434792 
0.683196706549822 -0.855825723081997 
-0.480779771451267 -0.551007936137499 
0.275164695119102 0.552402481263534 
1.15643995804041 0.750930547076881 
1.4683861977334 0.407467382307478 
0.719681929761039 -0.510508032572435 
1.43307155995664 -0.276820319538084 
0.0882501214603059 -0.28240630844529 
-0.821176120022547 -0.412981591676195 
0.121833321347577 -0.381958212682496 
-0.836167412969448 0.231454876417454 
-0.990635378692795 -0.677600685361015 
-0.534637320426132 -0.5554044571635 
-0.360988265600254 0.357415074423866 
-0.211594708828774 0.216348078014919 
0.74299447040213 -0.563964243775228 
-0.548619467554902 0.186655747325465 
0.581919775149748 0.00811470067506415 
0.0589609663276751 -0.953858985544117 
-0.320057423468706 0.486647340230014 
-0.386295529727962 0.266513147049823 
0.949038841737918 -0.60620666090688 

10
2.71163561774046 -8.89766514614889 2.26258168949162 2.64148707554406 2.64068799449772 2.19836515768149 2.72979284060569 2.4616513813586 2.18191390392667 2.32949579396799 
-4.79624402445308 3.3964401485642 -4.4137047694602 -4.75368230082619 -4.62525010076083 -4.68182336694569 -4.60578744472841 -4.48982982185386 -4.47214776228064 -4.82194392874071 

